4.000000000000000222e-01
3.850561306312874632e-01
3.718617874325703676e-01
3.605044467123486585e-01
3.510715847791223143e-01
3.436506779413909252e-01
3.383292025076541920e-01
3.351946347864119269e-01
3.343344510861641639e-01
3.358361277154104929e-01
3.397871409826505040e-01
3.462749671963843423e-01
3.553870826651115422e-01
3.672109636973319713e-01
3.818340866015453861e-01
3.993439276862515985e-01
4.198279632599504207e-01
4.433736696311414982e-01
4.700685231083247539e-01
5.000000000000000000e-01
5.331243621519172748e-01
5.688730135588279113e-01
6.065461437527335242e-01
6.454439422656363945e-01
6.848665986295380259e-01
7.241143023764397002e-01
7.624872430383436983e-01
7.992856101472517460e-01
8.338095932351656803e-01
8.653593818340866717e-01
8.932351654760171122e-01
9.167371336929582837e-01
9.351654760169121339e-01
9.478203819798804997e-01
9.540020411138649958e-01
9.530106429508674593e-01
9.441463770228896157e-01
9.267094328619331911e-01
9.000000000000000222e-01
8.526753171016184796e-01
8.056130631287360400e-01
7.590756670068521395e-01
7.133255576614666582e-01
6.686251640180786993e-01
6.252369150021870325e-01
5.834232395392913162e-01
5.434465665548914304e-01
5.055693249744862561e-01
4.700539437235748963e-01
4.371628517276571202e-01
4.071584779122320863e-01
3.803032512027992862e-01
3.568596005248578229e-01
3.370899548039072435e-01
3.212567429654468731e-01
3.096223939349759258e-01
3.024493366379938375e-01
2.999999999999999889e-01
3.000072896923750010e-01
3.000583175389998636e-01
3.001968216941244272e-01
3.004665403119988198e-01
3.009112115468727811e-01
3.015745735529961058e-01
3.025003644846187001e-01
3.037323224959906920e-01
3.053141857413617655e-01
3.072896923749817710e-01
3.097025805511007812e-01
3.125965884239684800e-01
3.160154541478349399e-01
3.200029158769499560e-01
3.246027117655634342e-01
3.298585799679253361e-01
3.358142586382854566e-01
3.425134859308937019e-01
