0.000000000000000000e+00
3.396996646741507614e-02
7.231374835981919935e-02
1.144190115177139283e-01
1.596734217816008217e-01
2.074646449919813340e-01
2.571803469893570449e-01
3.082081936142294087e-01
3.599358507071001023e-01
4.117509841084706634e-01
4.630412596588424079e-01
5.131943431987170401e-01
5.615979005685960423e-01
6.076395976089807860e-01
6.507071001603732530e-01
6.901880740632745370e-01
7.254701851581862870e-01
7.559410992856101519e-01
7.809884822860475584e-01
8.000000000000000444e-01
8.157894736842106198e-01
8.315789473684210842e-01
8.473684210526315486e-01
8.631578947368421240e-01
8.789473684210529214e-01
8.947368421052630527e-01
9.105263157894734061e-01
9.263157894736842035e-01
9.421052631578950010e-01
9.578947368421053543e-01
9.736842105263159297e-01
9.894736842105262831e-01
1.005263157894736858e+00
1.021052631578947434e+00
1.036842105263157787e+00
1.052631578947368363e+00
1.068421052631578938e+00
1.084210526315789513e+00
1.100000000000000089e+00
1.130981192593673024e+00
1.161699956261845745e+00
1.193555911940515912e+00
1.227948680565680295e+00
1.266277883073334776e+00
1.309943140399475459e+00
1.360344073480098892e+00
1.418880303251202735e+00
1.486951450648782869e+00
1.565957136608835176e+00
1.657296982067356872e+00
1.762370607960344060e+00
1.882577635223793289e+00
2.019317684793701773e+00
2.173990377606064950e+00
2.347995334596879591e+00
2.542732176702142688e+00
2.759600524857850790e+00
3.000000000000000000e+00
3.083394080769791934e+00
3.176847937017058143e+00
3.282111094911793980e+00
3.400933080623997018e+00
3.535063420323663497e+00
3.686251640180784328e+00
3.856247266365358861e+00
4.046799825047383337e+00
4.259658842396851774e+00
4.496573844583759083e+00
4.759294357778102835e+00
5.049569908149876163e+00
5.369150021869076639e+00
5.719784225105700060e+00
6.103222044029742221e+00
6.521213004811196257e+00
6.975506633620060626e+00
7.467852456626329349e+00
